entropy: 0.996317
error: 0.464286