error(train): 0.014286
error(test): 0.240000
