error(train): 0.060000
error(test): 0.195000
