error(train): 0.092500
error(test): 0.222500
